[
  [0, 500],
  [
    1.48974136e+01, 2.23377742, 4.29386663, 1.85505740,
    3.90821847e+01, 2.78908532e-01, 1.92575572e-02,
    6.37903562, 8.86548046, 2.82991400e+01, 4.63129506,
    1.23534030e+01, 3.86628439e+01, 4.16094605
  ],
  [
    3.16876639, 5.05101523e-01, 1.21714742, 7.12148751e-01,
    8.33961808, 3.17822713e-01, 6.45157883e-02, 8.82080658,
    1.19970268e+01, 6.39978295, 2.50013574, 3.40775429,
    1.43003354e+01, 2.12891152
  ],
  [
    1.19809563e+01, 4.19225706, 8.65358777, 5.69672257,
    5.75736330e+01, 2.50021170, 4.80727897e-01,
    8.18166685e+01, 1.13803914e+02, 3.00897748e+01,
    1.89888276e+01, 2.67339051e+01, 2.36640783e+01,
    2.01328567e+01
  ],
  [
    1.16647872, 5.49438425e-01, 5.45033632e-01,
    3.01681894e-01, 2.84276784, 2.46693687e-01,
    1.72803236e-02, 6.14997805, 7.40231332, 2.81398522,
    2.80741099, 3.48238806, 2.40383088, 1.26010339
  ],
  [
    5.93873370, 1.38228445, 2.76662741, 1.77366318,
    1.83854299e+01, 7.91428709e-01, 1.27975238e-01,
    2.61018955e+01, 3.58250965e+01, 1.29202912e+01,
    6.92811543, 9.83822077, 1.95651584e+01, 6.26426734
  ],
  [
    2.01944373e+01, 7.27211179, 7.55011378, 3.83384734,
    4.42037580e+01, 2.65770358, 1.96466808e-01,
    6.40646407e+01, 7.96060322e+01, 4.57856694e+01,
    3.29030598e+01, 4.38990067e+01, 5.02372868e+01,
    1.53024559e+01
  ],
  [
    1.69060403, 2.12676881e-01, 5.45947943e-01,
    4.54394087e-01, 4.36535912, 8.30267892e-02,
    1.93818612e-02, 6.66102133, 1.00490542e+01, 3.50211554,
    8.39255006e-01, 1.65522661, 2.36650463, 1.75877185
  ],
  [
    1.18710008e-01, 2.43873158, 3.28625849, 7.20051214e-01,
    6.34485545, 2.19275525, 3.14803850e-02, 3.71607943e+01,
    2.66360392e+01, 1.34277304, 2.10600998e+01,
    3.30292666e+01, 1.30105656e+01, 1.30866966
  ],
  [
    8.26999431e-01, 3.77470787e-01, 5.77845851e-01,
    1.73320252e-01, 1.97471865, 4.18410400e-01,
    1.84903292e-02, 3.69085100, 3.38957524, 2.49064656,
    4.25634405, 3.64258814, 3.52274133, 4.17760129e-01
  ]
]
