[
  [0, 500],
  [
    1.06571009e+1, 9.36803031e-1, 5.25076266e+1, 7.01939642,
    6.11893169, 3.19359714e-01, 1.55708469e-2, 2.61252812e+1,
    2.06960718, 3.28488807e+1, 1.32900971e+1, 3.70707376e+1,
    3.72979471e+1, 4.36877517
  ],
  [
    2.29802599, 2.78807450e-1, 1.15713990e+1, 2.07116024,
    1.55229103, 1.70970405e-1, 3.39498791e-2, 1.51064090e+1,
    7.41170828, 8.60033447, 4.09942440, 9.96727564,
    8.66882683, 1.25890077
  ],
  [
    1.04175435e+1, 2.37221101, 7.73646312e+1, 1.56531444e+1,
    1.13191370e+1, 1.36769658, 2.52468766e-1, 1.31065224e+2,
    7.16875203e+1, 4.41223520e+1, 2.94317618e+1,
    7.72721384e+1, 3.76654865e+1, 1.14088548e+1
  ],
  [
    8.85383481e-1, 2.88434110e-1, 4.75611675, 8.00905474e-1,
    5.94609391e-1, 1.65583728e-1, 9.29074299e-3, 9.52576565,
    4.67101822, 3.53488962, 5.49202667, 9.81508921,
    2.79319388, 7.75282965e-1
  ],
  [
    4.45960760, 7.78600490e-1, 2.53586588e+1, 4.91749284,
    3.50634340, 4.47355044e-1, 6.73172585e-2, 4.21858571e+1,
    2.23686415e+1, 1.72032049e+1, 1.17085666e+1,
    2.86727401e+1, 1.59645281e+1, 3.52761127
  ],
  [
    1.49523486e+1, 3.60039880, 7.31289973e+1, 1.09365566e+1,
    8.66085629, 1.94070370, 1.08174503e-1, 1.06766575e+2,
    4.89644910e+1, 5.60566357e+1, 7.06136335e+1,
    1.24765454e+2, 4.96120602e+1, 1.03542907e+1
  ],
  [
    1.17460002, 1.29619171e-1, 5.01954935, 1.22898882,
    7.89941695e-1, 5.05597007e-2, 1.00900691e-2,
    1.04905308e+1, 6.23576680, 4.29173536, 1.61072426,
    4.93485949, 2.67719014, 8.92617842e-1
  ],
  [
    1.34133763e-1, 1.56661971, 2.79836002e+1, 1.87845111,
    1.21511193, 1.20285755, 1.62807653e-2, 5.67060007e+1,
    1.67903307e+1, 2.27751888, 2.99648511e+1, 9.74549548e+1,
    1.90645026e+1, 6.42751777e-1
  ],
  [
    6.04962286e-1, 2.10585868e-1, 5.29108194, 4.97447162e-1,
    3.85817591e-1, 2.16675760e-1, 9.70531269e-3, 6.22442124,
    2.13460899, 3.32730085, 7.01556051, 1.05107412e+1,
    3.75377859, 2.50697438e-1
  ]
]
