data: [
  {
    name: 'BONA',
    data: [
      {
        name: 'CO2',
        data: [
          0.00000000e+00,
          0.00000000e+00,
          0.00000000e+00,
          0.00000000e+00,
          0.00000000e+00,
          0.00000000e+00,
          0.00000000e+00,
          0.00000000e+00,
          0.00000000e+00,
          0.00000000e+00,
          0.00000000e+00,
          0.00000000e+00,
          0.00000000e+00,
          0.00000000e+00,
          0.00000000e+00,
          0.00000000e+00,
          0.00000000e+00,
          0.00000000e+00,
        ],
      },
      {
        name: 'CH4',
        data: [
          2.32156839e-03,
          8.61333961e-03,
          3.62421147e-03,
          1.98702121e-03,
          1.08590981e-03,
          8.47254812e-03,
          5.53411865e-03,
          9.51327464e-03,
          6.77941825e-03,
          4.79007306e-03,
          3.73246878e-03,
          2.97491024e-03,
          3.81713576e-03,
          6.90268033e-03,
          4.72140559e-03,
          5.18761038e-03,
          1.00376462e-02,
          1.17105705e-02,
        ],
      },
      {
        name: 'BC',
        data: [
          1.77870849e-02,
          6.02012879e-02,
          2.46515739e-02,
          1.46620575e-02,
          8.24870995e-03,
          5.47945078e-02,
          3.29169147e-02,
          6.60336435e-02,
          4.43615516e-02,
          3.18996411e-02,
          2.43936603e-02,
          1.98360922e-02,
          2.66137428e-02,
          4.68401228e-02,
          3.15591305e-02,
          3.14540060e-02,
          6.28370345e-02,
          7.14686705e-02,
        ],
      },
      {
        name: 'SO2',
        data: [
          2.01753796e-02,
          6.84598875e-02,
          2.84255569e-02,
          1.50859794e-02,
          8.77357749e-03,
          6.48255561e-02,
          3.95160085e-02,
          7.78297234e-02,
          5.22970174e-02,
          3.78693559e-02,
          2.88969408e-02,
          2.32874520e-02,
          3.08640776e-02,
          5.54746225e-02,
          3.71892203e-02,
          3.68088848e-02,
          7.49666095e-02,
          8.49464407e-02,
        ],
      },
      {
        name: 'CO',
        data: [
          1.79185217e-02,
          6.43760867e-02,
          2.68226655e-02,
          1.47453655e-02,
          8.10679202e-03,
          6.19707306e-02,
          3.88044319e-02,
          7.23132633e-02,
          4.98690371e-02,
          3.55351282e-02,
          2.74553550e-02,
          2.20387746e-02,
          2.87433547e-02,
          5.15984280e-02,
          3.51121473e-02,
          3.65225397e-02,
          7.25288439e-02,
          8.31793647e-02,
        ],
      },
      {
        name: 'OC',
        data: [
          2.71075908e-01,
          9.22544888e-01,
          3.84186639e-01,
          2.00619733e-01,
          1.17448065e-01,
          8.80892172e-01,
          5.41910311e-01,
          1.05087282e+00,
          7.09719037e-01,
          5.13877262e-01,
          3.92439839e-01,
          3.15544675e-01,
          4.16671981e-01,
          7.51890775e-01,
          5.03777077e-01,
          5.02687696e-01,
          1.02168078e+00,
          1.16085545e+00,
        ],
      },
      {
        name: 'N2O',
        data: [
          0.00000000e+00,
          0.00000000e+00,
          0.00000000e+00,
          0.00000000e+00,
          0.00000000e+00,
          0.00000000e+00,
          0.00000000e+00,
          0.00000000e+00,
          0.00000000e+00,
          0.00000000e+00,
          0.00000000e+00,
          0.00000000e+00,
          0.00000000e+00,
          0.00000000e+00,
          0.00000000e+00,
          0.00000000e+00,
          0.00000000e+00,
          0.00000000e+00,
        ],
      },
      {
        name: 'NOx',
        data: [
          4.78835021e-02,
          1.44894392e-01,
          5.99152835e-02,
          3.93610544e-02,
          2.46888210e-02,
          1.20468128e-01,
          7.75089721e-02,
          1.37302976e-01,
          9.62567938e-02,
          7.05459124e-02,
          5.32564730e-02,
          4.36852765e-02,
          6.03869301e-02,
          1.04428440e-01,
          6.82383047e-02,
          7.35759257e-02,
          1.35255512e-01,
          1.61160368e-01,
        ],
      },
      {
        name: 'NH3',
        data: [
          2.95769165e-02,
          1.12028221e-01,
          4.60337072e-02,
          2.58799218e-02,
          1.29209421e-02,
          1.08253983e-01,
          6.42458591e-02,
          1.31111779e-01,
          8.78888916e-02,
          6.20149472e-02,
          4.81107593e-02,
          3.88195776e-02,
          5.06494525e-02,
          9.00216869e-02,
          6.22688463e-02,
          6.17931616e-02,
          1.26465176e-01,
          1.41669525e-01,
        ],
      },
    ],
  },

  {
    name: 'TENA',
    data: [
      {
        name: 'CO2',
        data: [
          0.00000000e+00,
          0.00000000e+00,
          0.00000000e+00,
          0.00000000e+00,
          0.00000000e+00,
          0.00000000e+00,
          0.00000000e+00,
          0.00000000e+00,
          0.00000000e+00,
          0.00000000e+00,
          0.00000000e+00,
          0.00000000e+00,
          0.00000000e+00,
          0.00000000e+00,
          0.00000000e+00,
          0.00000000e+00,
          0.00000000e+00,
          0.00000000e+00,
        ],
      },
      {
        name: 'CH4',
        data: [
          1.79275558e-02,
          2.14263811e-02,
          3.28017142e-02,
          3.15516804e-02,
          1.91129311e-02,
          2.64754909e-02,
          2.76294379e-02,
          2.26970634e-02,
          2.42910614e-02,
          3.07426271e-02,
          4.53420268e-02,
          3.40750778e-02,
          2.48022146e-02,
          3.19081241e-02,
          3.18081340e-02,
          3.84356193e-02,
          2.60925172e-02,
          2.91186279e-02,
        ],
      },
      {
        name: 'BC',
        data: [
          2.49458330e-01,
          2.98749233e-01,
          4.58286504e-01,
          4.53681153e-01,
          2.61056340e-01,
          3.81113339e-01,
          3.78487185e-01,
          3.06481432e-01,
          3.38761516e-01,
          4.34849715e-01,
          6.29400932e-01,
          4.73414200e-01,
          3.38342277e-01,
          4.17209900e-01,
          4.43672417e-01,
          5.43434567e-01,
          3.60543539e-01,
          4.04071078e-01,
        ],
      },
      {
        name: 'SO2',
        data: [
          1.83075414e-01,
          2.23275245e-01,
          3.92046822e-01,
          3.72716256e-01,
          1.87492260e-01,
          3.43442375e-01,
          2.86245072e-01,
          1.91930323e-01,
          2.32181970e-01,
          3.45959805e-01,
          5.42197665e-01,
          3.91247931e-01,
          2.27064238e-01,
          2.24342744e-01,
          3.24015188e-01,
          4.84478551e-01,
          3.08242754e-01,
          3.46335088e-01,
        ],
      },
      {
        name: 'CO',
        data: [
          1.64240851e-01,
          1.97412919e-01,
          3.10295067e-01,
          3.07655977e-01,
          1.70230900e-01,
          2.62980778e-01,
          2.49159538e-01,
          1.94952159e-01,
          2.20789849e-01,
          2.91743712e-01,
          4.25834852e-01,
          3.17957068e-01,
          2.18200152e-01,
          2.56968644e-01,
          2.92104243e-01,
          3.72187305e-01,
          2.43235878e-01,
          2.73098390e-01,
        ],
      },
      {
        name: 'OC',
        data: [
          2.09573473e+00,
          2.57048697e+00,
          4.74867347e+00,
          4.33197892e+00,
          2.17028004e+00,
          4.13389698e+00,
          3.37312072e+00,
          2.11740997e+00,
          2.56914489e+00,
          4.02989005e+00,
          6.62059242e+00,
          4.70371971e+00,
          2.55487347e+00,
          2.40316299e+00,
          3.69150520e+00,
          5.89474275e+00,
          3.76894980e+00,
          4.22276802e+00,
        ],
      },
      {
        name: 'N2O',
        data: [
          0.00000000e+00,
          0.00000000e+00,
          0.00000000e+00,
          0.00000000e+00,
          0.00000000e+00,
          0.00000000e+00,
          0.00000000e+00,
          0.00000000e+00,
          0.00000000e+00,
          0.00000000e+00,
          0.00000000e+00,
          0.00000000e+00,
          0.00000000e+00,
          0.00000000e+00,
          0.00000000e+00,
          0.00000000e+00,
          0.00000000e+00,
          0.00000000e+00,
        ],
      },
      {
        name: 'NOx',
        data: [
          1.57158199e+00,
          1.87832874e+00,
          2.68387797e+00,
          3.02133053e+00,
          1.54944261e+00,
          2.41338286e+00,
          2.20881180e+00,
          1.86045460e+00,
          2.22433475e+00,
          2.78461275e+00,
          3.57501712e+00,
          2.77183321e+00,
          2.06865698e+00,
          2.37036501e+00,
          2.82689585e+00,
          3.24422715e+00,
          2.01996689e+00,
          2.29986790e+00,
        ],
      },
      {
        name: 'NH3',
        data: [
          1.83483219e-01,
          2.17855691e-01,
          3.18252841e-01,
          3.05507560e-01,
          1.98667845e-01,
          2.47052970e-01,
          2.82446634e-01,
          2.45703452e-01,
          2.53277609e-01,
          3.03936665e-01,
          4.40458941e-01,
          3.35831145e-01,
          2.62756729e-01,
          3.61165202e-01,
          3.25628979e-01,
          3.64389912e-01,
          2.54850445e-01,
          2.83443274e-01,
        ],
      },
    ],
  },

  {
    name: 'CEAM',
    data: [
      {
        name: 'CO2',
        data: [
          0.00000000e+00,
          0.00000000e+00,
          0.00000000e+00,
          0.00000000e+00,
          0.00000000e+00,
          0.00000000e+00,
          0.00000000e+00,
          0.00000000e+00,
          0.00000000e+00,
          0.00000000e+00,
          0.00000000e+00,
          0.00000000e+00,
          0.00000000e+00,
          0.00000000e+00,
          0.00000000e+00,
          0.00000000e+00,
          0.00000000e+00,
          0.00000000e+00,
        ],
      },
      {
        name: 'CH4',
        data: [
          1.94546032e-02,
          1.76203047e-01,
          2.18543375e-02,
          5.09000302e-02,
          1.41630307e-02,
          1.92271499e-02,
          6.32929979e-02,
          1.50017415e-02,
          4.82032395e-02,
          2.62855394e-02,
          2.98304271e-02,
          2.47326422e-02,
          3.04729027e-02,
          1.73469981e-02,
          4.10495111e-02,
          1.41152455e-02,
          3.75577095e-02,
          1.30125832e-02,
        ],
      },
      {
        name: 'BC',
        data: [
          2.46809579e-01,
          2.01197233e+00,
          2.82812628e-01,
          6.41444773e-01,
          1.82843670e-01,
          2.44424887e-01,
          7.30513345e-01,
          1.92337876e-01,
          5.84010126e-01,
          3.26953208e-01,
          3.66393321e-01,
          3.15700666e-01,
          3.69445978e-01,
          2.32009187e-01,
          5.02748086e-01,
          1.90546312e-01,
          4.45916256e-01,
          1.71004744e-01,
        ],
      },
      {
        name: 'SO2',
        data: [
          1.22680398e-01,
          9.67837744e-01,
          1.49191333e-01,
          3.24551842e-01,
          9.20735290e-02,
          1.23090656e-01,
          3.49691555e-01,
          8.39303807e-02,
          2.87314047e-01,
          1.62300422e-01,
          1.81128554e-01,
          1.68711925e-01,
          1.74948206e-01,
          1.16436761e-01,
          2.55388365e-01,
          1.04789848e-01,
          2.15509777e-01,
          8.49337359e-02,
        ],
      },
      {
        name: 'CO',
        data: [
          1.64511910e-01,
          1.39712985e+00,
          1.88349126e-01,
          4.31035385e-01,
          1.21681501e-01,
          1.63408427e-01,
          5.06224936e-01,
          1.20811873e-01,
          3.98040453e-01,
          2.17276334e-01,
          2.45822106e-01,
          2.11808629e-01,
          2.47742247e-01,
          1.50383091e-01,
          3.42945596e-01,
          1.25809028e-01,
          3.03857336e-01,
          1.12292039e-01,
        ],
      },
      {
        name: 'OC',
        data: [
          1.33942927e+00,
          1.26802694e+01,
          1.61941003e+00,
          3.61990644e+00,
          9.79656219e-01,
          1.34780574e+00,
          4.48788615e+00,
          8.28142877e-01,
          3.40373908e+00,
          1.83616022e+00,
          2.09470974e+00,
          1.88727797e+00,
          2.03685362e+00,
          1.15425177e+00,
          3.00474305e+00,
          1.08224454e+00,
          2.63198163e+00,
          8.66174363e-01,
        ],
      },
      {
        name: 'N2O',
        data: [
          0.00000000e+00,
          0.00000000e+00,
          0.00000000e+00,
          0.00000000e+00,
          0.00000000e+00,
          0.00000000e+00,
          0.00000000e+00,
          0.00000000e+00,
          0.00000000e+00,
          0.00000000e+00,
          0.00000000e+00,
          0.00000000e+00,
          0.00000000e+00,
          0.00000000e+00,
          0.00000000e+00,
          0.00000000e+00,
          0.00000000e+00,
          0.00000000e+00,
        ],
      },
      {
        name: 'NOx',
        data: [
          1.84853947e+00,
          1.37822351e+01,
          2.11898885e+00,
          4.80672836e+00,
          1.40294061e+00,
          1.84139478e+00,
          5.12564155e+00,
          1.31266664e+00,
          4.27561187e+00,
          2.31819259e+00,
          2.61409922e+00,
          2.33130326e+00,
          2.62439182e+00,
          1.76490490e+00,
          3.70572695e+00,
          1.47264390e+00,
          3.14212770e+00,
          1.31628244e+00,
        ],
      },
      {
        name: 'NH3',
        data: [
          1.96160857e-01,
          1.66792716e+00,
          2.20544951e-01,
          5.06466841e-01,
          1.43201072e-01,
          1.92923961e-01,
          6.00891227e-01,
          1.65473997e-01,
          4.69119367e-01,
          2.66143646e-01,
          2.97563371e-01,
          2.46527233e-01,
          3.04355790e-01,
          1.83116351e-01,
          3.98699560e-01,
          1.44541301e-01,
          3.65809976e-01,
          1.34499131e-01,
        ],
      },
    ],
  },

  {
    name: 'NHSA',
    data: [
      {
        name: 'CO2',
        data: [
          0.00000000e+00,
          0.00000000e+00,
          0.00000000e+00,
          0.00000000e+00,
          0.00000000e+00,
          0.00000000e+00,
          0.00000000e+00,
          0.00000000e+00,
          0.00000000e+00,
          0.00000000e+00,
          0.00000000e+00,
          0.00000000e+00,
          0.00000000e+00,
          0.00000000e+00,
          0.00000000e+00,
          0.00000000e+00,
          0.00000000e+00,
          0.00000000e+00,
        ],
      },
      {
        name: 'CH4',
        data: [
          6.20864946e-03,
          8.89199225e-03,
          4.42439471e-03,
          5.76662548e-03,
          6.64153218e-03,
          3.35839324e-03,
          1.18023844e-02,
          5.04032332e-03,
          3.78724276e-03,
          3.10660591e-03,
          7.41637641e-03,
          3.94494122e-03,
          4.31033503e-03,
          5.53605398e-03,
          1.84954481e-03,
          2.85636137e-03,
          3.29510688e-03,
          5.30537269e-03,
        ],
      },
      {
        name: 'BC',
        data: [
          8.48079669e-02,
          1.18233818e-01,
          6.36248470e-02,
          8.23790950e-02,
          9.02972971e-02,
          5.10582676e-02,
          1.44948003e-01,
          7.37132754e-02,
          5.54298815e-02,
          4.72308865e-02,
          9.89848321e-02,
          5.72587882e-02,
          6.34642400e-02,
          7.33467974e-02,
          2.92787002e-02,
          4.16685243e-02,
          4.71700511e-02,
          7.53270430e-02,
        ],
      },
      {
        name: 'SO2',
        data: [
          4.82169310e-02,
          6.63245522e-02,
          3.75112281e-02,
          4.90742330e-02,
          5.08502392e-02,
          3.11805088e-02,
          7.73700027e-02,
          4.42591433e-02,
          3.29528630e-02,
          2.83862595e-02,
          5.55199278e-02,
          3.38688188e-02,
          3.71575177e-02,
          4.07937017e-02,
          1.84351692e-02,
          2.46055696e-02,
          2.77160552e-02,
          4.40457621e-02,
        ],
      },
      {
        name: 'CO',
        data: [
          5.87006472e-02,
          8.23127575e-02,
          4.38566833e-02,
          5.72759401e-02,
          6.23265303e-02,
          3.50303107e-02,
          1.02394249e-01,
          5.09415329e-02,
          3.80837322e-02,
          3.21126088e-02,
          6.87835757e-02,
          3.93761894e-02,
          4.31242380e-02,
          5.09271794e-02,
          2.01035783e-02,
          2.85642820e-02,
          3.25207762e-02,
          5.19884437e-02,
        ],
      },
      {
        name: 'OC',
        data: [
          4.99685048e-01,
          7.12514169e-01,
          3.66743887e-01,
          4.88292018e-01,
          5.27923209e-01,
          2.87235155e-01,
          9.25376921e-01,
          4.27093426e-01,
          3.15282632e-01,
          2.58053117e-01,
          5.92747164e-01,
          3.27097762e-01,
          3.48035666e-01,
          4.38735364e-01,
          1.64029350e-01,
          2.35451148e-01,
          2.72279112e-01,
          4.36880671e-01,
        ],
      },
      {
        name: 'N2O',
        data: [
          0.00000000e+00,
          0.00000000e+00,
          0.00000000e+00,
          0.00000000e+00,
          0.00000000e+00,
          0.00000000e+00,
          0.00000000e+00,
          0.00000000e+00,
          0.00000000e+00,
          0.00000000e+00,
          0.00000000e+00,
          0.00000000e+00,
          0.00000000e+00,
          0.00000000e+00,
          0.00000000e+00,
          0.00000000e+00,
          0.00000000e+00,
          0.00000000e+00,
        ],
      },
      {
        name: 'NOx',
        data: [
          7.56794286e-01,
          1.03206152e+00,
          5.96838686e-01,
          7.78173850e-01,
          7.97573108e-01,
          5.02564054e-01,
          1.17016933e+00,
          7.06473681e-01,
          5.26768509e-01,
          4.58488822e-01,
          8.65179915e-01,
          5.40300257e-01,
          5.96251454e-01,
          6.34445103e-01,
          2.99342356e-01,
          3.93246067e-01,
          4.40504860e-01,
          6.98527873e-01,
        ],
      },
      {
        name: 'NH3',
        data: [
          5.84898045e-02,
          8.29959915e-02,
          4.18913403e-02,
          5.36776994e-02,
          6.29190062e-02,
          3.20083868e-02,
          1.07929055e-01,
          4.74256508e-02,
          3.60599906e-02,
          3.01679479e-02,
          6.94498680e-02,
          3.75087926e-02,
          4.19472035e-02,
          5.19462704e-02,
          1.75605437e-02,
          2.73249970e-02,
          3.11948127e-02,
          5.01438534e-02,
        ],
      },
    ],
  },

  {
    name: 'SHSA',
    data: [
      {
        name: 'CO2',
        data: [
          0.00000000e+00,
          0.00000000e+00,
          0.00000000e+00,
          0.00000000e+00,
          0.00000000e+00,
          0.00000000e+00,
          0.00000000e+00,
          0.00000000e+00,
          0.00000000e+00,
          0.00000000e+00,
          0.00000000e+00,
          0.00000000e+00,
          0.00000000e+00,
          0.00000000e+00,
          0.00000000e+00,
          0.00000000e+00,
          0.00000000e+00,
          0.00000000e+00,
        ],
      },
      {
        name: 'CH4',
        data: [
          6.43689581e-02,
          9.31181103e-02,
          8.29674614e-02,
          3.88073318e-02,
          3.07065342e-02,
          6.13115711e-02,
          5.14579727e-02,
          8.11030352e-02,
          1.04151356e-01,
          4.64039180e-02,
          1.22949803e-01,
          3.86718374e-02,
          2.01417628e-02,
          1.28176891e-01,
          3.06602889e-02,
          5.97523154e-02,
          2.78428547e-02,
          4.22186479e-02,
        ],
      },
      {
        name: 'BC',
        data: [
          8.23400117e-01,
          1.10349971e+00,
          1.00376018e+00,
          4.64634644e-01,
          4.26842689e-01,
          7.75279514e-01,
          6.34237975e-01,
          9.46706047e-01,
          1.17316790e+00,
          5.48283191e-01,
          1.40448614e+00,
          4.79647329e-01,
          2.63276985e-01,
          1.45355958e+00,
          3.79768082e-01,
          7.30963220e-01,
          3.52893234e-01,
          5.06006980e-01,
        ],
      },
      {
        name: 'SO2',
        data: [
          4.66974214e-01,
          5.83845520e-01,
          5.44478077e-01,
          2.51117191e-01,
          2.57937588e-01,
          4.36017082e-01,
          3.50774265e-01,
          4.96064790e-01,
          5.92479844e-01,
          2.87637136e-01,
          7.19081422e-01,
          2.63410137e-01,
          1.51345995e-01,
          7.39794788e-01,
          2.09783462e-01,
          3.97338712e-01,
          1.97044956e-01,
          2.69554841e-01,
        ],
      },
      {
        name: 'CO',
        data: [
          5.79777893e-01,
          7.84272366e-01,
          7.11173607e-01,
          3.28335695e-01,
          2.98459074e-01,
          5.48062148e-01,
          4.48449151e-01,
          6.74575768e-01,
          8.41102572e-01,
          3.88179617e-01,
          1.00551298e+00,
          3.37239250e-01,
          1.82109550e-01,
          1.04203258e+00,
          2.67130908e-01,
          5.17246745e-01,
          2.45902858e-01,
          3.57739303e-01,
        ],
      },
      {
        name: 'OC',
        data: [
          5.36180011e+00,
          7.38119431e+00,
          6.70976005e+00,
          3.14183870e+00,
          2.69678087e+00,
          5.08002162e+00,
          4.22557205e+00,
          6.41027015e+00,
          8.05011240e+00,
          3.64401654e+00,
          9.57395261e+00,
          3.13278546e+00,
          1.68933898e+00,
          9.95640280e+00,
          2.50579173e+00,
          4.81416511e+00,
          2.27857503e+00,
          3.35195198e+00,
        ],
      },
      {
        name: 'N2O',
        data: [
          0.00000000e+00,
          0.00000000e+00,
          0.00000000e+00,
          0.00000000e+00,
          0.00000000e+00,
          0.00000000e+00,
          0.00000000e+00,
          0.00000000e+00,
          0.00000000e+00,
          0.00000000e+00,
          0.00000000e+00,
          0.00000000e+00,
          0.00000000e+00,
          0.00000000e+00,
          0.00000000e+00,
          0.00000000e+00,
          0.00000000e+00,
          0.00000000e+00,
        ],
      },
      {
        name: 'NOx',
        data: [
          6.86769775e+00,
          8.44993712e+00,
          7.83545858e+00,
          3.51906920e+00,
          3.88484427e+00,
          6.43564718e+00,
          5.05321274e+00,
          7.10632624e+00,
          8.45235857e+00,
          4.13782451e+00,
          1.03340709e+01,
          3.81994312e+00,
          2.14568531e+00,
          1.05948237e+01,
          3.00803520e+00,
          5.81377581e+00,
          2.82350169e+00,
          3.88691423e+00,
        ],
      },
      {
        name: 'NH3',
        data: [
          5.89624514e-01,
          8.45025226e-01,
          7.55400159e-01,
          3.55266103e-01,
          2.82999230e-01,
          5.58120963e-01,
          4.69351509e-01,
          7.33774812e-01,
          9.36059145e-01,
          4.24073153e-01,
          1.10597741e+00,
          3.56175598e-01,
          1.90288027e-01,
          1.15128907e+00,
          2.82162619e-01,
          5.44740253e-01,
          2.60132436e-01,
          3.86252996e-01,
        ],
      },
    ],
  },

  {
    name: 'EURO',
    data: [
      {
        name: 'CO2',
        data: [
          0.00000000e+00,
          0.00000000e+00,
          0.00000000e+00,
          0.00000000e+00,
          0.00000000e+00,
          0.00000000e+00,
          0.00000000e+00,
          0.00000000e+00,
          0.00000000e+00,
          0.00000000e+00,
          0.00000000e+00,
          0.00000000e+00,
          0.00000000e+00,
          0.00000000e+00,
          0.00000000e+00,
          0.00000000e+00,
          0.00000000e+00,
          0.00000000e+00,
        ],
      },
      {
        name: 'CH4',
        data: [
          2.72841694e-02,
          2.94275431e-02,
          2.26520150e-02,
          7.30319644e-02,
          4.63159395e-02,
          1.81317558e-02,
          3.11761002e-02,
          2.84961000e-02,
          2.72523176e-02,
          2.77004211e-02,
          3.25402362e-02,
          3.36107405e-02,
          1.95186514e-02,
          1.88804074e-02,
          2.80443482e-02,
          4.13962272e-02,
          1.85365723e-02,
          1.91445130e-02,
        ],
      },
      {
        name: 'BC',
        data: [
          3.55455236e-01,
          3.87696947e-01,
          2.91536367e-01,
          9.31382731e-01,
          5.73330970e-01,
          2.33047793e-01,
          4.15907954e-01,
          3.56294582e-01,
          3.67912124e-01,
          3.50255140e-01,
          4.28149381e-01,
          4.16754680e-01,
          2.48279219e-01,
          2.42496546e-01,
          3.55084325e-01,
          5.31458437e-01,
          2.39435170e-01,
          2.36768317e-01,
        ],
      },
      {
        name: 'SO2',
        data: [
          1.79352930e-01,
          1.92608511e-01,
          1.37056629e-01,
          3.82281367e-01,
          2.03334362e-01,
          1.10931551e-01,
          2.24158236e-01,
          1.34675246e-01,
          1.88072632e-01,
          1.60903629e-01,
          2.02107372e-01,
          1.60529848e-01,
          1.06341841e-01,
          1.02348380e-01,
          1.57133530e-01,
          2.45610084e-01,
          1.05348071e-01,
          9.41515629e-02,
        ],
      },
      {
        name: 'CO',
        data: [
          2.17495007e-01,
          2.38399820e-01,
          1.75822851e-01,
          5.51265248e-01,
          3.30423800e-01,
          1.40598775e-01,
          2.58332548e-01,
          2.07412380e-01,
          2.28252573e-01,
          2.11048983e-01,
          2.60264100e-01,
          2.42249587e-01,
          1.47436110e-01,
          1.44259771e-01,
          2.11191651e-01,
          3.19283409e-01,
          1.43456121e-01,
          1.38096433e-01,
        ],
      },
      {
        name: 'OC',
        data: [
          1.85778127e+00,
          1.92446054e+00,
          1.39723844e+00,
          3.63928609e+00,
          1.88902778e+00,
          1.14365246e+00,
          2.32112696e+00,
          1.27433966e+00,
          1.84019413e+00,
          1.65139270e+00,
          1.97734301e+00,
          1.57465320e+00,
          1.04953661e+00,
          9.78070983e-01,
          1.60066367e+00,
          2.49495627e+00,
          1.02180879e+00,
          9.46649356e-01,
        ],
      },
      {
        name: 'N2O',
        data: [
          0.00000000e+00,
          0.00000000e+00,
          0.00000000e+00,
          0.00000000e+00,
          0.00000000e+00,
          0.00000000e+00,
          0.00000000e+00,
          0.00000000e+00,
          0.00000000e+00,
          0.00000000e+00,
          0.00000000e+00,
          0.00000000e+00,
          0.00000000e+00,
          0.00000000e+00,
          0.00000000e+00,
          0.00000000e+00,
          0.00000000e+00,
          0.00000000e+00,
        ],
      },
      {
        name: 'NOx',
        data: [
          2.05911937e+00,
          2.39313265e+00,
          1.63608859e+00,
          5.24745828e+00,
          2.92724408e+00,
          1.29146195e+00,
          2.57203106e+00,
          1.87474239e+00,
          2.43526913e+00,
          1.88733633e+00,
          2.62509819e+00,
          2.09075287e+00,
          1.36284120e+00,
          1.39426707e+00,
          1.88395771e+00,
          2.95784922e+00,
          1.39426496e+00,
          1.16482869e+00,
        ],
      },
      {
        name: 'NH3',
        data: [
          3.13314223e-01,
          3.37039126e-01,
          2.63926459e-01,
          8.69931679e-01,
          5.65947794e-01,
          2.10846190e-01,
          3.50212825e-01,
          3.44785787e-01,
          3.07874310e-01,
          3.27097859e-01,
          3.76007822e-01,
          4.06715719e-01,
          2.31255354e-01,
          2.23520881e-01,
          3.31263595e-01,
          4.83725186e-01,
          2.17830374e-01,
          2.31122839e-01,
        ],
      },
    ],
  },

  {
    name: 'MIDE',
    data: [
      {
        name: 'CO2',
        data: [
          0.00000000e+00,
          0.00000000e+00,
          0.00000000e+00,
          0.00000000e+00,
          0.00000000e+00,
          0.00000000e+00,
          0.00000000e+00,
          0.00000000e+00,
          0.00000000e+00,
          0.00000000e+00,
          0.00000000e+00,
          0.00000000e+00,
          0.00000000e+00,
          0.00000000e+00,
          0.00000000e+00,
          0.00000000e+00,
          0.00000000e+00,
          0.00000000e+00,
        ],
      },
      {
        name: 'CH4',
        data: [
          1.80607041e-04,
          4.95437971e-04,
          3.14567542e-04,
          2.81667109e-04,
          2.98653609e-04,
          2.63470632e-04,
          3.43522318e-04,
          3.57527503e-04,
          3.26157709e-04,
          3.39728837e-04,
          4.26165606e-04,
          2.64784753e-04,
          4.96597228e-04,
          4.93566716e-04,
          4.38303922e-04,
          3.61065283e-04,
          3.90257526e-04,
          3.52294176e-04,
        ],
      },
      {
        name: 'BC',
        data: [
          2.32091918e-03,
          6.48117653e-03,
          4.08548431e-03,
          3.91049432e-03,
          3.80655474e-03,
          3.44311810e-03,
          4.36941898e-03,
          4.57890516e-03,
          4.19674198e-03,
          4.39515696e-03,
          5.63892207e-03,
          3.44661397e-03,
          6.27070431e-03,
          6.40106861e-03,
          5.57222887e-03,
          4.80343721e-03,
          4.88935400e-03,
          4.55059344e-03,
        ],
      },
      {
        name: 'SO2',
        data: [
          8.89501429e-04,
          2.63742505e-03,
          1.61671547e-03,
          1.81985486e-03,
          1.41772236e-03,
          1.39755560e-03,
          1.62006028e-03,
          1.71949852e-03,
          1.69542709e-03,
          1.71799274e-03,
          2.49205175e-03,
          1.39402757e-03,
          2.30393268e-03,
          2.77701586e-03,
          2.11759664e-03,
          2.29811193e-03,
          1.75399767e-03,
          1.89155947e-03,
        ],
      },
      {
        name: 'CO',
        data: [
          1.36772730e-03,
          3.86835706e-03,
          2.42502330e-03,
          2.41881619e-03,
          2.22993803e-03,
          2.05373469e-03,
          2.55650001e-03,
          2.68958304e-03,
          2.48716142e-03,
          2.60180259e-03,
          3.40910804e-03,
          2.05198470e-03,
          3.65514444e-03,
          3.83314782e-03,
          3.26716524e-03,
          2.93551628e-03,
          2.83467378e-03,
          2.70871693e-03,
        ],
      },
      {
        name: 'OC',
        data: [
          7.86993559e-03,
          2.33749550e-02,
          1.42673241e-02,
          1.56809515e-02,
          1.25390012e-02,
          1.23932317e-02,
          1.43624945e-02,
          1.50978179e-02,
          1.56071449e-02,
          1.51655564e-02,
          2.29634562e-02,
          1.24565596e-02,
          2.07195749e-02,
          2.64515241e-02,
          1.91908303e-02,
          2.21941588e-02,
          1.58437698e-02,
          1.76248099e-02,
        ],
      },
      {
        name: 'N2O',
        data: [
          0.00000000e+00,
          0.00000000e+00,
          0.00000000e+00,
          0.00000000e+00,
          0.00000000e+00,
          0.00000000e+00,
          0.00000000e+00,
          0.00000000e+00,
          0.00000000e+00,
          0.00000000e+00,
          0.00000000e+00,
          0.00000000e+00,
          0.00000000e+00,
          0.00000000e+00,
          0.00000000e+00,
          0.00000000e+00,
          0.00000000e+00,
          0.00000000e+00,
        ],
      },
      {
        name: 'NOx',
        data: [
          1.37716800e-02,
          4.06474332e-02,
          2.50965499e-02,
          2.90731797e-02,
          2.19836306e-02,
          2.15228408e-02,
          2.50386603e-02,
          2.69365097e-02,
          2.46529876e-02,
          2.66685493e-02,
          3.60666921e-02,
          2.12295419e-02,
          3.48688862e-02,
          3.80144805e-02,
          3.16333970e-02,
          3.05784853e-02,
          2.63918344e-02,
          2.69356662e-02,
        ],
      },
      {
        name: 'NH3',
        data: [
          2.16488997e-03,
          5.86201404e-03,
          3.74383863e-03,
          3.20217558e-03,
          3.60061382e-03,
          3.11941996e-03,
          4.14612618e-03,
          4.30038259e-03,
          3.88193653e-03,
          4.05431800e-03,
          4.96549201e-03,
          3.14020155e-03,
          6.01200197e-03,
          5.80323689e-03,
          5.27528855e-03,
          4.14684807e-03,
          4.74745845e-03,
          4.17222434e-03,
        ],
      },
    ],
  },

  {
    name: 'NHAF',
    data: [
      {
        name: 'CO2',
        data: [
          0.00000000e+00,
          0.00000000e+00,
          0.00000000e+00,
          0.00000000e+00,
          0.00000000e+00,
          0.00000000e+00,
          0.00000000e+00,
          0.00000000e+00,
          0.00000000e+00,
          0.00000000e+00,
          0.00000000e+00,
          0.00000000e+00,
          0.00000000e+00,
          0.00000000e+00,
          0.00000000e+00,
          0.00000000e+00,
          0.00000000e+00,
          0.00000000e+00,
        ],
      },
      {
        name: 'CH4',
        data: [
          2.40333685e-01,
          3.31357700e-01,
          2.58367590e-01,
          2.84285508e-01,
          2.31735163e-01,
          2.44365024e-01,
          2.13327510e-01,
          2.02256100e-01,
          2.56849304e-01,
          2.04938131e-01,
          2.23469050e-01,
          2.17987194e-01,
          1.90166239e-01,
          1.76745641e-01,
          2.03066026e-01,
          1.81015634e-01,
          1.88847338e-01,
          1.78402094e-01,
        ],
      },
      {
        name: 'BC',
        data: [
          3.86213221e+00,
          5.07987849e+00,
          4.09441149e+00,
          4.39601854e+00,
          3.69573335e+00,
          3.88672004e+00,
          3.46719035e+00,
          3.25225073e+00,
          4.05044203e+00,
          3.22596373e+00,
          3.51849632e+00,
          3.51447663e+00,
          3.06467884e+00,
          2.82610582e+00,
          3.22112554e+00,
          2.89511827e+00,
          3.04336954e+00,
          2.86264289e+00,
        ],
      },
      {
        name: 'SO2',
        data: [
          2.42443412e+00,
          3.13280641e+00,
          2.56986438e+00,
          2.71781122e+00,
          2.32332642e+00,
          2.43923831e+00,
          2.22653110e+00,
          2.04815933e+00,
          2.50079341e+00,
          1.98297500e+00,
          2.17791022e+00,
          2.20979379e+00,
          1.93356244e+00,
          1.75932635e+00,
          2.01333767e+00,
          1.81312642e+00,
          1.92097773e+00,
          1.80908985e+00,
        ],
      },
      {
        name: 'CO',
        data: [
          2.63102646e+00,
          3.49244990e+00,
          2.80489894e+00,
          3.01566625e+00,
          2.52759692e+00,
          2.65846975e+00,
          2.38312387e+00,
          2.21919163e+00,
          2.75388084e+00,
          2.18936703e+00,
          2.39731366e+00,
          2.39332221e+00,
          2.09156919e+00,
          1.91974790e+00,
          2.20041863e+00,
          1.97334028e+00,
          2.07758954e+00,
          1.95902244e+00,
        ],
      },
      {
        name: 'OC',
        data: [
          2.10386912e+01,
          2.87268996e+01,
          2.27654883e+01,
          2.46504459e+01,
          2.04178140e+01,
          2.14890035e+01,
          1.94066680e+01,
          1.78099896e+01,
          2.19912541e+01,
          1.74165615e+01,
          1.92419380e+01,
          1.91118227e+01,
          1.67863425e+01,
          1.52635364e+01,
          1.77437324e+01,
          1.58115944e+01,
          1.66844453e+01,
          1.58307929e+01,
        ],
      },
      {
        name: 'N2O',
        data: [
          0.00000000e+00,
          0.00000000e+00,
          0.00000000e+00,
          0.00000000e+00,
          0.00000000e+00,
          0.00000000e+00,
          0.00000000e+00,
          0.00000000e+00,
          0.00000000e+00,
          0.00000000e+00,
          0.00000000e+00,
          0.00000000e+00,
          0.00000000e+00,
          0.00000000e+00,
          0.00000000e+00,
          0.00000000e+00,
          0.00000000e+00,
          0.00000000e+00,
        ],
      },
      {
        name: 'NOx',
        data: [
          3.95441049e+01,
          5.05526088e+01,
          4.17587605e+01,
          4.39506964e+01,
          3.78096331e+01,
          3.96764135e+01,
          3.63088353e+01,
          3.33972940e+01,
          4.06734801e+01,
          3.22548746e+01,
          3.53940015e+01,
          3.60662148e+01,
          3.15393798e+01,
          2.86906036e+01,
          3.27429365e+01,
          2.95451597e+01,
          3.13319780e+01,
          2.94680068e+01,
        ],
      },
      {
        name: 'NH3',
        data: [
          2.31988204e+00,
          3.14294595e+00,
          2.46527603e+00,
          2.70786416e+00,
          2.21848425e+00,
          2.33919781e+00,
          2.01778975e+00,
          1.94530831e+00,
          2.49143609e+00,
          1.99559328e+00,
          2.15798001e+00,
          2.10560870e+00,
          1.82815408e+00,
          1.71694110e+00,
          1.94945463e+00,
          1.74553925e+00,
          1.81439598e+00,
          1.70513595e+00,
        ],
      },
    ],
  },

  {
    name: 'SHAF',
    data: [
      {
        name: 'CO2',
        data: [
          0.00000000e+00,
          0.00000000e+00,
          0.00000000e+00,
          0.00000000e+00,
          0.00000000e+00,
          0.00000000e+00,
          0.00000000e+00,
          0.00000000e+00,
          0.00000000e+00,
          0.00000000e+00,
          0.00000000e+00,
          0.00000000e+00,
          0.00000000e+00,
          0.00000000e+00,
          0.00000000e+00,
          0.00000000e+00,
          0.00000000e+00,
          0.00000000e+00,
        ],
      },
      {
        name: 'CH4',
        data: [
          1.26962879e-01,
          1.48787876e-01,
          1.26043003e-01,
          1.20392768e-01,
          1.69883893e-01,
          1.42809397e-01,
          1.45817646e-01,
          1.48381872e-01,
          1.56046277e-01,
          1.46868273e-01,
          1.33147962e-01,
          1.46611537e-01,
          1.45400518e-01,
          1.57733201e-01,
          1.48936999e-01,
          1.35574684e-01,
          1.49986044e-01,
          1.36373461e-01,
        ],
      },
      {
        name: 'BC',
        data: [
          2.15220913e+00,
          2.52351280e+00,
          2.14494668e+00,
          2.02277756e+00,
          2.74350219e+00,
          2.28594414e+00,
          2.38071158e+00,
          2.39290778e+00,
          2.51546100e+00,
          2.36302870e+00,
          2.20885037e+00,
          2.38532130e+00,
          2.37577276e+00,
          2.56419569e+00,
          2.45083140e+00,
          2.23887520e+00,
          2.43400306e+00,
          2.22608197e+00,
        ],
      },
      {
        name: 'SO2',
        data: [
          1.43305057e+00,
          1.68085807e+00,
          1.43068342e+00,
          1.34257331e+00,
          1.77240176e+00,
          1.46699831e+00,
          1.55899208e+00,
          1.54680083e+00,
          1.62704078e+00,
          1.52699980e+00,
          1.46079277e+00,
          1.56115829e+00,
          1.55970011e+00,
          1.67810801e+00,
          1.61433953e+00,
          1.47477568e+00,
          1.59015505e+00,
          1.46044071e+00,
        ],
      },
      {
        name: 'CO',
        data: [
          1.48665968e+00,
          1.74229978e+00,
          1.48110821e+00,
          1.39947102e+00,
          1.89599064e+00,
          1.57950793e+00,
          1.65143935e+00,
          1.65599946e+00,
          1.74077313e+00,
          1.63635272e+00,
          1.53161353e+00,
          1.65716570e+00,
          1.65077763e+00,
          1.78127790e+00,
          1.70152926e+00,
          1.55211412e+00,
          1.69065566e+00,
          1.54645478e+00,
        ],
      },
      {
        name: 'OC',
        data: [
          1.21852971e+01,
          1.42862992e+01,
          1.21212922e+01,
          1.15200064e+01,
          1.56742014e+01,
          1.30607668e+01,
          1.37428993e+01,
          1.37137221e+01,
          1.44411178e+01,
          1.35786275e+01,
          1.27105271e+01,
          1.38226038e+01,
          1.37655819e+01,
          1.48734069e+01,
          1.41521904e+01,
          1.28660992e+01,
          1.41065788e+01,
          1.28993562e+01,
        ],
      },
      {
        name: 'N2O',
        data: [
          0.00000000e+00,
          0.00000000e+00,
          0.00000000e+00,
          0.00000000e+00,
          0.00000000e+00,
          0.00000000e+00,
          0.00000000e+00,
          0.00000000e+00,
          0.00000000e+00,
          0.00000000e+00,
          0.00000000e+00,
          0.00000000e+00,
          0.00000000e+00,
          0.00000000e+00,
          0.00000000e+00,
          0.00000000e+00,
          0.00000000e+00,
          0.00000000e+00,
        ],
      },
      {
        name: 'NOx',
        data: [
          2.34582181e+01,
          2.74846314e+01,
          2.34379987e+01,
          2.19488976e+01,
          2.87826998e+01,
          2.38043959e+01,
          2.53371211e+01,
          2.51381184e+01,
          2.64003518e+01,
          2.47963221e+01,
          2.37942422e+01,
          2.53817519e+01,
          2.53731709e+01,
          2.72535913e+01,
          2.62917343e+01,
          2.40341025e+01,
          2.58352422e+01,
          2.37443924e+01,
        ],
      },
      {
        name: 'NH3',
        data: [
          1.18371135e+00,
          1.38871658e+00,
          1.17582516e+00,
          1.11894843e+00,
          1.58770653e+00,
          1.33604909e+00,
          1.34990136e+00,
          1.38253243e+00,
          1.45400785e+00,
          1.36667076e+00,
          1.23215140e+00,
          1.35282205e+00,
          1.34073527e+00,
          1.45581531e+00,
          1.37514429e+00,
          1.25570936e+00,
          1.38489433e+00,
          1.25814131e+00,
        ],
      },
    ],
  },

  {
    name: 'BOAS',
    data: [
      {
        name: 'CO2',
        data: [
          0.00000000e+00,
          0.00000000e+00,
          0.00000000e+00,
          0.00000000e+00,
          0.00000000e+00,
          0.00000000e+00,
          0.00000000e+00,
          0.00000000e+00,
          0.00000000e+00,
          0.00000000e+00,
          0.00000000e+00,
          0.00000000e+00,
          0.00000000e+00,
          0.00000000e+00,
          0.00000000e+00,
          0.00000000e+00,
          0.00000000e+00,
          0.00000000e+00,
        ],
      },
      {
        name: 'CH4',
        data: [
          4.07943012e-02,
          1.25803122e-01,
          4.40720107e-02,
          4.96499460e-02,
          4.56305605e-02,
          7.17588050e-02,
          1.26614636e-01,
          1.87788243e-02,
          2.96461690e-02,
          5.65594836e-02,
          2.58994583e-02,
          7.93317158e-02,
          2.95980444e-02,
          3.90870115e-02,
          4.52032313e-02,
          9.72808526e-02,
          3.81677706e-02,
          5.68951768e-02,
        ],
      },
      {
        name: 'BC',
        data: [
          3.54618578e-01,
          1.01425107e+00,
          3.68467156e-01,
          3.99641096e-01,
          3.59879950e-01,
          5.69627477e-01,
          9.85653002e-01,
          1.72081078e-01,
          2.48498384e-01,
          5.02238525e-01,
          2.22811947e-01,
          6.70488598e-01,
          2.46999447e-01,
          3.27534410e-01,
          3.71697796e-01,
          7.42704503e-01,
          2.84173773e-01,
          4.75629526e-01,
        ],
      },
      {
        name: 'SO2',
        data: [
          3.24914198e-01,
          1.04817111e+00,
          3.58938685e-01,
          3.96988631e-01,
          3.57152198e-01,
          6.10952292e-01,
          1.03839161e+00,
          1.37687104e-01,
          2.19390838e-01,
          4.45410110e-01,
          1.95999980e-01,
          6.22127424e-01,
          2.26705013e-01,
          2.93013636e-01,
          3.72494770e-01,
          8.16691852e-01,
          3.17385932e-01,
          4.60685064e-01,
        ],
      },
      {
        name: 'CO',
        data: [
          3.17488322e-01,
          9.86240112e-01,
          3.43462274e-01,
          3.83229101e-01,
          3.47767142e-01,
          5.64465194e-01,
          9.81780803e-01,
          1.43640556e-01,
          2.23920152e-01,
          4.39845466e-01,
          1.97690900e-01,
          6.12853454e-01,
          2.25554840e-01,
          2.92557204e-01,
          3.54011159e-01,
          7.58540076e-01,
          2.95278297e-01,
          4.43168242e-01,
        ],
      },
      {
        name: 'OC',
        data: [
          4.20130690e+00,
          1.38267410e+01,
          4.69431813e+00,
          5.21251416e+00,
          4.69661646e+00,
          8.10490949e+00,
          1.37541631e+01,
          1.72602004e+00,
          2.83159302e+00,
          5.71936584e+00,
          2.52856109e+00,
          8.07109323e+00,
          2.93982620e+00,
          3.80559958e+00,
          4.88854013e+00,
          1.08809362e+01,
          4.24102254e+00,
          6.02177989e+00,
        ],
      },
      {
        name: 'N2O',
        data: [
          0.00000000e+00,
          0.00000000e+00,
          0.00000000e+00,
          0.00000000e+00,
          0.00000000e+00,
          0.00000000e+00,
          0.00000000e+00,
          0.00000000e+00,
          0.00000000e+00,
          0.00000000e+00,
          0.00000000e+00,
          0.00000000e+00,
          0.00000000e+00,
          0.00000000e+00,
          0.00000000e+00,
          0.00000000e+00,
          0.00000000e+00,
          0.00000000e+00,
        ],
      },
      {
        name: 'NOx',
        data: [
          1.06057783e+00,
          2.51299669e+00,
          1.01573524e+00,
          1.05947519e+00,
          9.79392320e-01,
          1.36156158e+00,
          2.39778557e+00,
          6.32971998e-01,
          7.55002186e-01,
          1.58522580e+00,
          6.63554198e-01,
          1.93251184e+00,
          7.51051425e-01,
          1.05504828e+00,
          9.68438200e-01,
          1.68834846e+00,
          6.43897336e-01,
          1.28752027e+00,
        ],
      },
      {
        name: 'NH3',
        data: [
          5.77994679e-01,
          1.83445620e+00,
          6.27797735e-01,
          7.05817556e-01,
          6.30504836e-01,
          1.04108400e+00,
          1.81558259e+00,
          2.52059809e-01,
          4.07539992e-01,
          7.93922294e-01,
          3.62774123e-01,
          1.12800860e+00,
          4.04529371e-01,
          5.01067586e-01,
          6.56846717e-01,
          1.40520072e+00,
          5.42055039e-01,
          8.18623898e-01,
        ],
      },
    ],
  },

  {
    name: 'TEAS',
    data: [
      {
        name: 'CO2',
        data: [
          0.00000000e+00,
          0.00000000e+00,
          0.00000000e+00,
          0.00000000e+00,
          0.00000000e+00,
          0.00000000e+00,
          0.00000000e+00,
          0.00000000e+00,
          0.00000000e+00,
          0.00000000e+00,
          0.00000000e+00,
          0.00000000e+00,
          0.00000000e+00,
          0.00000000e+00,
          0.00000000e+00,
          0.00000000e+00,
          0.00000000e+00,
          0.00000000e+00,
        ],
      },
      {
        name: 'CH4',
        data: [
          4.29274265e-01,
          3.87780725e-01,
          2.54811522e-01,
          2.41356435e-01,
          3.07129441e-01,
          3.59112506e-01,
          2.77198832e-01,
          3.17734165e-01,
          3.08319060e-01,
          3.44247610e-01,
          3.64210354e-01,
          4.38333000e-01,
          3.71998751e-01,
          2.52423978e-01,
          2.09549320e-01,
          2.39676493e-01,
          1.86208549e-01,
          3.28759945e-01,
        ],
      },
      {
        name: 'BC',
        data: [
          5.05950644e+00,
          4.61829199e+00,
          3.10752797e+00,
          2.83121785e+00,
          3.81321470e+00,
          4.39746105e+00,
          3.19296963e+00,
          3.92488429e+00,
          3.93027947e+00,
          4.17631340e+00,
          4.24047176e+00,
          5.22396799e+00,
          4.36526060e+00,
          3.26421321e+00,
          2.63822279e+00,
          2.83752644e+00,
          2.32965541e+00,
          4.15323977e+00,
        ],
      },
      {
        name: 'SO2',
        data: [
          3.17907290e+00,
          2.91640854e+00,
          1.89929840e+00,
          1.71903793e+00,
          1.77893682e+00,
          2.53923650e+00,
          2.07453774e+00,
          2.13906319e+00,
          1.83914611e+00,
          2.31598454e+00,
          2.39352290e+00,
          2.63343790e+00,
          2.49475084e+00,
          1.85931787e+00,
          1.50118399e+00,
          1.72730107e+00,
          1.18488403e+00,
          2.01706013e+00,
        ],
      },
      {
        name: 'CO',
        data: [
          3.49325720e+00,
          3.16449873e+00,
          2.06547401e+00,
          1.94211580e+00,
          2.34889625e+00,
          2.97150640e+00,
          2.28163964e+00,
          2.56088502e+00,
          2.42717559e+00,
          2.76619807e+00,
          2.85616447e+00,
          3.33485242e+00,
          2.89077571e+00,
          2.10976211e+00,
          1.70118519e+00,
          1.94622606e+00,
          1.44005952e+00,
          2.56270366e+00,
        ],
      },
      {
        name: 'OC',
        data: [
          3.60926643e+01,
          3.34331964e+01,
          2.17494194e+01,
          1.93439923e+01,
          1.83475448e+01,
          2.67101917e+01,
          2.35137756e+01,
          2.33585841e+01,
          1.83825698e+01,
          2.47423332e+01,
          2.66569572e+01,
          2.85606821e+01,
          2.83784578e+01,
          2.00789401e+01,
          1.63127699e+01,
          1.91964960e+01,
          1.28238390e+01,
          2.08879024e+01,
        ],
      },
      {
        name: 'N2O',
        data: [
          0.00000000e+00,
          0.00000000e+00,
          0.00000000e+00,
          0.00000000e+00,
          0.00000000e+00,
          0.00000000e+00,
          0.00000000e+00,
          0.00000000e+00,
          0.00000000e+00,
          0.00000000e+00,
          0.00000000e+00,
          0.00000000e+00,
          0.00000000e+00,
          0.00000000e+00,
          0.00000000e+00,
          0.00000000e+00,
          0.00000000e+00,
          0.00000000e+00,
        ],
      },
      {
        name: 'NOx',
        data: [
          2.74495689e+01,
          2.51059257e+01,
          1.67718209e+01,
          1.52503197e+01,
          2.07497184e+01,
          2.68566357e+01,
          1.78489229e+01,
          2.30526612e+01,
          2.34308469e+01,
          2.38760333e+01,
          2.21567171e+01,
          2.64580027e+01,
          2.15305578e+01,
          2.03876225e+01,
          1.49922081e+01,
          1.56738276e+01,
          1.22491884e+01,
          2.33176724e+01,
        ],
      },
      {
        name: 'NH3',
        data: [
          5.25732559e+00,
          4.65534794e+00,
          2.98155589e+00,
          2.97784047e+00,
          3.67848937e+00,
          4.40240066e+00,
          3.46229598e+00,
          3.68987115e+00,
          3.61733019e+00,
          4.21028961e+00,
          4.53546203e+00,
          5.39593321e+00,
          4.57268340e+00,
          2.82339943e+00,
          2.45679960e+00,
          2.96540148e+00,
          2.18581901e+00,
          3.87044307e+00,
        ],
      },
    ],
  },

  {
    name: 'SEAS',
    data: [
      {
        name: 'CO2',
        data: [
          0.00000000e+00,
          0.00000000e+00,
          0.00000000e+00,
          0.00000000e+00,
          0.00000000e+00,
          0.00000000e+00,
          0.00000000e+00,
          0.00000000e+00,
          0.00000000e+00,
          0.00000000e+00,
          0.00000000e+00,
          0.00000000e+00,
          0.00000000e+00,
          0.00000000e+00,
          0.00000000e+00,
          0.00000000e+00,
          0.00000000e+00,
          0.00000000e+00,
        ],
      },
      {
        name: 'CH4',
        data: [
          2.21418553e-01,
          5.03819156e-01,
          4.00158731e-01,
          2.81095269e-01,
          1.60416993e-01,
          1.98877939e-01,
          2.24475193e-01,
          4.84371585e-01,
          3.53497059e-01,
          2.67292333e-01,
          4.87993288e-01,
          1.92106864e-01,
          3.47838429e-01,
          4.46359969e-01,
          2.41932074e-01,
          3.39034898e-01,
          3.58286388e-01,
          4.24264108e-01,
        ],
      },
      {
        name: 'BC',
        data: [
          3.00389315e+00,
          6.37980339e+00,
          5.12439966e+00,
          3.72572460e+00,
          2.25554370e+00,
          2.66319616e+00,
          3.09019654e+00,
          6.09636963e+00,
          4.62753825e+00,
          3.52793192e+00,
          6.00269144e+00,
          2.62086216e+00,
          4.44731876e+00,
          5.42268103e+00,
          3.03754156e+00,
          4.26548490e+00,
          4.26878350e+00,
          5.18088783e+00,
        ],
      },
      {
        name: 'SO2',
        data: [
          1.77504740e+00,
          3.60094158e+00,
          3.09718055e+00,
          2.26002456e+00,
          1.47530321e+00,
          1.55564809e+00,
          1.93670798e+00,
          3.45139532e+00,
          2.64771309e+00,
          2.13433513e+00,
          3.31670114e+00,
          1.60773337e+00,
          2.58465387e+00,
          3.01162282e+00,
          1.68212825e+00,
          2.48542733e+00,
          2.29915276e+00,
          2.92713469e+00,
        ],
      },
      {
        name: 'CO',
        data: [
          2.04900170e+00,
          4.44859132e+00,
          3.55399639e+00,
          2.57523395e+00,
          1.57215520e+00,
          1.84230495e+00,
          2.13419537e+00,
          4.26402805e+00,
          3.17218982e+00,
          2.43984246e+00,
          4.21335708e+00,
          1.80415385e+00,
          3.05438515e+00,
          3.79622328e+00,
          2.08942090e+00,
          2.95915173e+00,
          2.96431306e+00,
          3.60470273e+00,
        ],
      },
      {
        name: 'OC',
        data: [
          1.89714331e+01,
          4.18856747e+01,
          3.64000213e+01,
          2.53339135e+01,
          1.58463066e+01,
          1.68693734e+01,
          2.09179607e+01,
          4.05789997e+01,
          2.94042859e+01,
          2.40398408e+01,
          4.00462939e+01,
          1.73889291e+01,
          2.99548207e+01,
          3.71285384e+01,
          1.96593141e+01,
          2.95471150e+01,
          2.89267833e+01,
          3.59923501e+01,
        ],
      },
      {
        name: 'N2O',
        data: [
          0.00000000e+00,
          0.00000000e+00,
          0.00000000e+00,
          0.00000000e+00,
          0.00000000e+00,
          0.00000000e+00,
          0.00000000e+00,
          0.00000000e+00,
          0.00000000e+00,
          0.00000000e+00,
          0.00000000e+00,
          0.00000000e+00,
          0.00000000e+00,
          0.00000000e+00,
          0.00000000e+00,
          0.00000000e+00,
          0.00000000e+00,
          0.00000000e+00,
        ],
      },
      {
        name: 'NOx',
        data: [
          2.46899372e+01,
          5.06778686e+01,
          3.89054925e+01,
          2.99506750e+01,
          1.96163844e+01,
          2.24909455e+01,
          2.59848381e+01,
          4.81950758e+01,
          3.68727744e+01,
          2.82310622e+01,
          4.64914058e+01,
          2.17992198e+01,
          3.35472282e+01,
          4.03086342e+01,
          2.29430161e+01,
          3.20825512e+01,
          3.00830261e+01,
          3.76448043e+01,
        ],
      },
      {
        name: 'NH3',
        data: [
          2.14139238e+00,
          4.70067394e+00,
          3.76195648e+00,
          2.65453165e+00,
          1.48372406e+00,
          1.87606781e+00,
          2.11815603e+00,
          4.49590029e+00,
          3.39359373e+00,
          2.52228338e+00,
          4.50986164e+00,
          1.82539074e+00,
          3.32934258e+00,
          4.14674941e+00,
          2.31283967e+00,
          3.19069678e+00,
          3.37936608e+00,
          3.98073525e+00,
        ],
      },
    ],
  },

  {
    name: 'EQAS',
    data: [
      {
        name: 'CO2',
        data: [
          0.00000000e+00,
          0.00000000e+00,
          0.00000000e+00,
          0.00000000e+00,
          0.00000000e+00,
          0.00000000e+00,
          0.00000000e+00,
          0.00000000e+00,
          0.00000000e+00,
          0.00000000e+00,
          0.00000000e+00,
          0.00000000e+00,
          0.00000000e+00,
          0.00000000e+00,
          0.00000000e+00,
          0.00000000e+00,
          0.00000000e+00,
          0.00000000e+00,
        ],
      },
      {
        name: 'CH4',
        data: [
          4.55966738e+00,
          2.32165318e-01,
          2.29231402e-01,
          6.90421062e-02,
          1.29584192e-01,
          9.37326669e-01,
          2.31190451e-01,
          5.66719742e-01,
          3.32423585e-01,
          1.51929897e+00,
          6.09844642e-02,
          4.95578628e-02,
          8.52371892e-01,
          3.07558381e-02,
          3.16374978e-01,
          3.13696334e-01,
          2.21893724e-01,
          8.76257425e-01,
        ],
      },
      {
        name: 'BC',
        data: [
          1.07365449e+01,
          1.82127141e+00,
          1.18161395e+00,
          5.17656704e-01,
          3.98455179e-01,
          2.98147504e+00,
          8.38554592e-01,
          2.16606765e+00,
          8.37570900e-01,
          3.40759555e+00,
          4.61232015e-01,
          3.63794782e-01,
          1.80501770e+00,
          2.84415386e-01,
          8.13217609e-01,
          8.16373020e-01,
          6.84571954e-01,
          2.08893962e+00,
        ],
      },
      {
        name: 'SO2',
        data: [
          7.86358278e+00,
          8.84732186e-01,
          6.31348935e-01,
          2.47159627e-01,
          2.70127256e-01,
          1.90606666e+00,
          5.22380387e-01,
          1.29224193e+00,
          5.97545783e-01,
          2.55004223e+00,
          2.37635945e-01,
          1.91004835e-01,
          1.39208005e+00,
          1.47165624e-01,
          5.76954219e-01,
          5.72561666e-01,
          4.48228931e-01,
          1.51123747e+00,
        ],
      },
      {
        name: 'CO',
        data: [
          2.09887752e+01,
          1.52960148e+00,
          1.28374919e+00,
          4.42699937e-01,
          6.33842013e-01,
          4.59107710e+00,
          1.17485835e+00,
          2.90850956e+00,
          1.55046122e+00,
          6.92996997e+00,
          3.99232264e-01,
          3.20677681e-01,
          3.84952638e+00,
          2.23252929e-01,
          1.48228928e+00,
          1.47240675e+00,
          1.08154983e+00,
          4.04042201e+00,
        ],
      },
      {
        name: 'OC',
        data: [
          1.48960217e+02,
          1.36945925e+01,
          1.05853677e+01,
          3.92967847e+00,
          4.50886773e+00,
          3.41950898e+01,
          8.82623367e+00,
          2.24631817e+01,
          1.10038107e+01,
          4.88703799e+01,
          3.32039973e+00,
          2.56912774e+00,
          2.68313843e+01,
          1.87858992e+00,
          1.05343819e+01,
          1.05552157e+01,
          7.99109691e+00,
          2.89734232e+01,
        ],
      },
      {
        name: 'N2O',
        data: [
          0.00000000e+00,
          0.00000000e+00,
          0.00000000e+00,
          0.00000000e+00,
          0.00000000e+00,
          0.00000000e+00,
          0.00000000e+00,
          0.00000000e+00,
          0.00000000e+00,
          0.00000000e+00,
          0.00000000e+00,
          0.00000000e+00,
          0.00000000e+00,
          0.00000000e+00,
          0.00000000e+00,
          0.00000000e+00,
          0.00000000e+00,
          0.00000000e+00,
        ],
      },
      {
        name: 'NOx',
        data: [
          7.83940961e+01,
          1.18917519e+01,
          7.76564575e+00,
          3.26734012e+00,
          3.06566428e+00,
          2.08663117e+01,
          6.06060840e+00,
          1.48875279e+01,
          6.15333731e+00,
          2.49489459e+01,
          3.29388225e+00,
          2.66933192e+00,
          1.33942589e+01,
          2.13841818e+00,
          6.00063396e+00,
          5.93193103e+00,
          4.90404795e+00,
          1.49781767e+01,
        ],
      },
      {
        name: 'NH3',
        data: [
          1.66219865e+01,
          1.68616549e+00,
          1.26622999e+00,
          4.92897362e-01,
          5.24863696e-01,
          3.93372448e+00,
          1.02643835e+00,
          2.61552189e+00,
          1.24605664e+00,
          5.43155516e+00,
          4.22291962e-01,
          3.34806370e-01,
          2.97589501e+00,
          2.39999754e-01,
          1.19453705e+00,
          1.19357848e+00,
          9.12164399e-01,
          3.21807839e+00,
        ],
      },
    ],
  },

  {
    name: 'AUST',
    data: [
      {
        name: 'CO2',
        data: [
          0.00000000e+00,
          0.00000000e+00,
          0.00000000e+00,
          0.00000000e+00,
          0.00000000e+00,
          0.00000000e+00,
          0.00000000e+00,
          0.00000000e+00,
          0.00000000e+00,
          0.00000000e+00,
          0.00000000e+00,
          0.00000000e+00,
          0.00000000e+00,
          0.00000000e+00,
          0.00000000e+00,
          0.00000000e+00,
          0.00000000e+00,
          0.00000000e+00,
        ],
      },
      {
        name: 'CH4',
        data: [
          5.67069733e-03,
          5.17125543e-03,
          9.72505845e-03,
          6.32165027e-03,
          9.35054384e-03,
          8.67881793e-03,
          7.55774021e-03,
          6.34747219e-03,
          3.73222533e-03,
          7.38179389e-03,
          5.39236808e-03,
          3.50448163e-03,
          6.04816251e-03,
          2.20027249e-03,
          8.17176784e-03,
          8.34000297e-03,
          4.38919670e-03,
          5.87688200e-03,
        ],
      },
      {
        name: 'BC',
        data: [
          9.22965553e-02,
          8.44426715e-02,
          1.63301889e-01,
          1.06081453e-01,
          1.55927986e-01,
          1.41355905e-01,
          1.14224727e-01,
          1.07189599e-01,
          6.10290952e-02,
          1.18467592e-01,
          9.07382365e-02,
          5.88656754e-02,
          9.69572683e-02,
          3.68133880e-02,
          1.39042276e-01,
          1.41656766e-01,
          6.92079359e-02,
          9.65349001e-02,
        ],
      },
      {
        name: 'SO2',
        data: [
          7.17903551e-02,
          6.34459048e-02,
          1.16779972e-01,
          7.74525427e-02,
          1.11070858e-01,
          1.08083435e-01,
          1.02099272e-01,
          7.35261184e-02,
          4.12032034e-02,
          9.36553383e-02,
          6.80685424e-02,
          4.10843237e-02,
          7.07355650e-02,
          2.59539779e-02,
          9.53913252e-02,
          9.83796727e-02,
          5.23249897e-02,
          6.91143319e-02,
        ],
      },
      {
        name: 'CO',
        data: [
          6.45115368e-02,
          5.88858498e-02,
          1.13794232e-01,
          7.40218468e-02,
          1.08535286e-01,
          9.88775356e-02,
          8.07817168e-02,
          7.43985528e-02,
          4.23050180e-02,
          8.29544000e-02,
          6.35099673e-02,
          4.10691470e-02,
          6.78367197e-02,
          2.54629349e-02,
          9.67094967e-02,
          9.87050755e-02,
          4.85166704e-02,
          6.73956471e-02,
        ],
      },
      {
        name: 'OC',
        data: [
          7.20807327e-01,
          6.20696591e-01,
          1.06836382e+00,
          7.20625523e-01,
          1.02119427e+00,
          1.07271709e+00,
          1.17826258e+00,
          6.45385715e-01,
          3.71780174e-01,
          9.63137312e-01,
          6.44317187e-01,
          3.68473079e-01,
          6.92437533e-01,
          2.35664936e-01,
          8.29630967e-01,
          8.66725618e-01,
          5.33505070e-01,
          6.49328412e-01,
        ],
      },
      {
        name: 'N2O',
        data: [
          0.00000000e+00,
          0.00000000e+00,
          0.00000000e+00,
          0.00000000e+00,
          0.00000000e+00,
          0.00000000e+00,
          0.00000000e+00,
          0.00000000e+00,
          0.00000000e+00,
          0.00000000e+00,
          0.00000000e+00,
          0.00000000e+00,
          0.00000000e+00,
          0.00000000e+00,
          0.00000000e+00,
          0.00000000e+00,
          0.00000000e+00,
          0.00000000e+00,
        ],
      },
      {
        name: 'NOx',
        data: [
          8.84298349e-01,
          8.29674661e-01,
          1.71804463e+00,
          1.10314834e+00,
          1.62666103e+00,
          1.37696223e+00,
          8.84665324e-01,
          1.15523658e+00,
          6.37345185e-01,
          1.10400153e+00,
          9.35992766e-01,
          6.31434193e-01,
          9.58716284e-01,
          3.82198282e-01,
          1.51900528e+00,
          1.53929155e+00,
          6.54532585e-01,
          9.92623117e-01,
        ],
      },
      {
        name: 'NH3',
        data: [
          5.12955219e-02,
          4.70780422e-02,
          8.86457461e-02,
          5.73956370e-02,
          8.55158143e-02,
          7.84082591e-02,
          6.66746638e-02,
          5.84670322e-02,
          3.45701757e-02,
          6.65332761e-02,
          4.85352813e-02,
          3.18765412e-02,
          5.47766755e-02,
          2.04274713e-02,
          7.48519879e-02,
          7.60394285e-02,
          3.95818071e-02,
          5.34204094e-02,
        ],
      },
    ],
  },

  {
    name: 'GLOBAL',
    data: [
      {
        name: 'CO2',
        data: [
          0.00000000e+00,
          0.00000000e+00,
          0.00000000e+00,
          0.00000000e+00,
          0.00000000e+00,
          0.00000000e+00,
          0.00000000e+00,
          0.00000000e+00,
          0.00000000e+00,
          0.00000000e+00,
          0.00000000e+00,
          0.00000000e+00,
          0.00000000e+00,
          0.00000000e+00,
          0.00000000e+00,
          0.00000000e+00,
          0.00000000e+00,
          0.00000000e+00,
        ],
      },
      {
        name: 'CH4',
        data: [
          5.76186787e+00,
          2.07306101e+00,
          1.49104802e+00,
          1.25447000e+00,
          1.17205532e+00,
          2.10016954e+00,
          1.41741854e+00,
          1.90679883e+00,
          1.65530447e+00,
          2.68595551e+00,
          1.54333445e+00,
          1.26570759e+00,
          2.04698163e+00,
          1.31455063e+00,
          1.31180593e+00,
          1.47672334e+00,
          1.27153168e+00,
          2.12769170e+00,
        ],
      },
      {
        name: 'BC',
        data: [
          2.70412402e+01,
          2.55082863e+01,
          1.83134264e+01,
          1.65912128e+01,
          1.49686833e+01,
          1.86689412e+01,
          1.64108812e+01,
          2.00578965e+01,
          1.88386590e+01,
          1.90654064e+01,
          1.97027393e+01,
          1.66038355e+01,
          1.77176985e+01,
          1.71978221e+01,
          1.44193620e+01,
          1.60120676e+01,
          1.46274498e+01,
          1.85531539e+01,
        ],
      },
      {
        name: 'SO2',
        data: [
          1.80932571e+01,
          1.54323527e+01,
          1.13944207e+01,
          1.01576945e+01,
          8.89019780e+00,
          1.17371089e+01,
          1.07890154e+01,
          1.17192829e+01,
          1.08598270e+01,
          1.20741767e+01,
          1.15820554e+01,
          9.90879008e+00,
          1.09922137e+01,
          1.00564763e+01,
          8.85989229e+00,
          1.02841935e+01,
          8.74369164e+00,
          1.11806212e+01,
        ],
      },
      {
        name: 'CO',
        data: [
          3.22347326e+01,
          1.81903393e+01,
          1.31052283e+01,
          1.15251703e+01,
          1.04282420e+01,
          1.55203138e+01,
          1.22937405e+01,
          1.51503494e+01,
          1.36893312e+01,
          1.76630283e+01,
          1.36959640e+01,
          1.13368159e+01,
          1.47014364e+01,
          1.18482871e+01,
          1.07974192e+01,
          1.21630329e+01,
          1.06422991e+01,
          1.52429722e+01,
        ],
      },
      {
        name: 'OC',
        data: [
          2.53603794e+02,
          1.72688945e+02,
          1.24624551e+02,
          1.06148779e+02,
          8.89062004e+01,
          1.34387949e+02,
          1.17229319e+02,
          1.32419110e+02,
          1.15330211e+02,
          1.47278802e+02,
          1.26423742e+02,
          1.01846267e+02,
          1.27464881e+02,
          1.08973243e+02,
          9.56102607e+01,
          1.14770624e+02,
          9.63183899e+01,
          1.32257838e+02,
        ],
      },
      {
        name: 'N2O',
        data: [
          0.00000000e+00,
          0.00000000e+00,
          0.00000000e+00,
          0.00000000e+00,
          0.00000000e+00,
          0.00000000e+00,
          0.00000000e+00,
          0.00000000e+00,
          0.00000000e+00,
          0.00000000e+00,
          0.00000000e+00,
          0.00000000e+00,
          0.00000000e+00,
          0.00000000e+00,
          0.00000000e+00,
          0.00000000e+00,
          0.00000000e+00,
          0.00000000e+00,
        ],
      },
      {
        name: 'NOx',
        data: [
          2.08646189e+02,
          1.96776695e+02,
          1.46329763e+02,
          1.33971747e+02,
          1.23238870e+02,
          1.49059668e+02,
          1.31055191e+02,
          1.59483789e+02,
          1.52958390e+02,
          1.48480135e+02,
          1.52832584e+02,
          1.26557515e+02,
          1.35987446e+02,
          1.37117365e+02,
          1.17281802e+02,
          1.24481108e+02,
          1.15683926e+02,
          1.40987713e+02,
        ],
      },
      {
        name: 'NH3',
        data: [
          2.95264025e+01,
          2.07241176e+01,
          1.40170803e+01,
          1.28352272e+01,
          1.14795451e+01,
          1.63592580e+01,
          1.37360620e+01,
          1.61122368e+01,
          1.47386959e+01,
          1.78043363e+01,
          1.56115901e+01,
          1.35991645e+01,
          1.55933809e+01,
          1.29712628e+01,
          1.14433334e+01,
          1.34628272e+01,
          1.15193073e+01,
          1.61358821e+01,
        ],
      },
    ],
  },
];
