[
  [0, 500],
  [
    0, 4.19197398e+01, 1.41297681e+01, 9.06043506e+01,
    1.93587515e+01, 0
  ],
  [
    2.27238923e+01, 7.93931663, 1.42039645, 1.34661166e+01,
    1.15253031e+01, 6.80484879
  ],
  [
    2.34174625e+02, 3.57629342e+01, 1.16776644e+01,
    7.51090028e+01, 1.21545942, 4.83684354e+01
  ],
  [
    1.85030501e+01, 4.22869024, 2.20613680, 3.93998427,
    9.43196121e-01, 2.16832685
  ],
  [
    7.57322704e+01, 1.69512061e+01, 4.14188464,
    2.59682270e+01, 1.26145607e+01, 1.32010389e+01
  ],
  [
    1.85045599e+02, 6.92749314e+01, 3.33896257e+01,
    8.33310871e+01, 2.49790311e+01, 2.16863157e+01
  ],
  [
    2.16116770e+01, 5.08250181, 6.04409423e-01, 4.8563648,
    1.00106554, 1.04732122
  ],
  [
    1.01010229e+02, 1.62066593, 4.29712807, 2.09756434e+01,
    2.35904990, 1.84183342e+01
  ],
  [
    8.13120842, 3.81102315, 8.34792834e-01, 5.74692188,
    1.48070923, 5.77310664
  ]
]
